(0,3648)
(0,2398)
(0,6766)
(0,19454)
(0,23568)
(0,15536)
(0,3333)
(0,27114)
(0,28484)
(0,25846)
(0,1691)
(0,27608)
(0,17898)
(0,18774)
(0,8301)
(0,17035)
(0,28177)
(0,935)
(0,27781)
(0,14004)
(0,569)
(0,9740)
(0,22953)
(0,23837)
(0,1860)
(1,27821)
(1,5833)
(1,23020)
(1,22186)
(1,6720)
(1,23083)
(1,3275)
(1,6788)
(1,19868)
(1,5030)
(1,15082)
(1,7254)
(1,18139)
(1,24855)
(1,10699)
(1,12877)
(1,25712)
(1,2892)
(1,5936)
(1,23586)
(1,11129)
(1,16833)
(1,12497)
(1,4664)
(1,25386)
(1,7743)
(1,20958)
(1,7775)
(1,4269)
(1,27137)
(1,27158)
(1,20527)
(1,22727)
(1,12929)
(1,24916)
(1,21898)
(1,11622)
(1,24961)
(1,26719)
(1,3875)
(1,17899)
(1,28107)
(1,20620)
(1,18324)
(1,20648)
(1,6139)
(1,18341)
(1,17023)
(1,7019)
(1,10897)
(1,22888)
(1,8369)
(1,7066)
(1,4805)
(1,11327)
(1,7092)
(1,24683)
(1,15761)
(1,6618)
(1,14485)
(1,3172)
(1,20732)
(1,26046)
(1,10962)
(1,10980)
(1,10996)
(1,11857)
(1,21661)
(1,8473)
(1,10551)
(1,20381)
(2,11935)
(2,25992)
(2,17525)
(2,8850)
