3 Centroids ----------------------------------------------------------

Initial Centroids: 
7435,6,65,0.0415817366490012,141585
66429,33,116,0.0162037037037037,81875
25537,13,322,0.0127260549229738,58385

Final Centroids:(zip, abbrev_norm, )
39857,20,542,0.038460,160125
72466,35,1048,0.024348,81454
28356,14,322,0.021105,77077

5 Centroids ----------------------------------------------------------

Initial Centroids:
54123,26,946,0.0384615384615384,47404
85736,43,1715,0.0059949273691491,69332
60410,31,1170,0.0194702934860415,126221
55723,27,1003,0.0529870129870129,81513
46601,23,821,0.100398406374502,55278

Final Centroids: 
74367,36,1078,0.022881,68632
69299,34,1000,0.027907,109995
40341,20,570,0.045111,197316
16070,8,149,0.028913,116409
31698,15,369,0.020070,69451

8 Centroids ----------------------------------------------------------

Initial Centroids:
14812,7,131,0.0088253195374315,84940
49921,24,901,0.0165745856353591,85114
61047,31,1169,0.0141451414514145,91406
53527,26,953,0.0230727955642997,130171
95524,46,919,0.0170588235294117,105930
3307,2,20,0.0164952110677545,85893
60549,31,1171,0.0159189580318379,84271
44657,22,800,0.0209667424085932,82753

Final Centroids: 
17289,8,171,0.023213,88860
54233,26,692,0.023984,91394
86811,42,1346,0.025988,94148
34288,17,466,0.050454,218528
78095,38,1192,0.034807,144516
16377,8,151,0.033916,137470
75269,37,1096,0.021662,61020
33560,16,401,0.019151,59658